1,2
1,3
1,4
2,5|2,3,4,5|1,2,4,5
1,6|1,2,5,6|2,3,5,6
3,7|1,2,3,7|1,2,4,5,6,7|2,3,4,7|1,2,3,4,5,7|2,4,6,7|1,7|1,3,6,7|2,5,6,7
2,3,4,8|3,5,6,8|1,2,5,6,7,8|1,3,5,8|2,5,6,8|1,5,6,8|1,2,3,4,6,8
4,9|3,4,6,9|4,5,8,9|1,4,8,9|2,3,5,9|1,2,4,5,6,9|5,6,8,9|1,3,4,6,7,9|2,7,8,9
3,10|2,3,8,10|3,4,5,6,7,8,9,10|1,2,3,5,6,10|2,3,6,8,9,10|1,3,4,5,6,7,8,10
2,11|2,5,8,11|2,3,7,11|2,3,5,11|2,3,10,11|2,3,7,11
1,4,6,12|1,2,5,7,8,9,11,12|1,3,4,6,8,10,11,12|1,2,5,10,11,12|2,3,9,12|1,2,4,6,11,12
1,3,4,13|4,5,7,9,10,13|1,4,7,8,11,13|1,2,3,6,8,9,10,13|5,6,7,8,12,13|1,5,7,8,9,13
1,6,10,14|1,3,4,6,7,9,10,14|4,5,6,7,8,9,12,14|1,6,8,14|5,6,9,10,11,12,13,14
1,15|1,5,10,15|1,3,12,15|1,2,4,5,10,15|1,2,6,7,11,15|1,2,3,6,7,15
1,3,12,16|1,3,6,7,11,12,13,16|2,3,4,6,7,8,9,16|7,10,12,13,14,16|1,2,4,6,8,9,16
3,17|1,2,3,17|3,4,8,17
7,18|5,7,10,18|7,8,9,10,15,16,17,18
1,2,5,19|3,4,5,8,13,19|3,7,9,10,12,19
3,20|3,5,9,20|2,3,6,8,11,20
2,21|2,7,14,21|2,5,13,21
1,22|1,5,9,22|1,4,7,10,13,16,19,22
5,23|5,11,17,23
1,2,7,24|4,5,7,8,9,11,14,16,18,20,22,24|1,4,5,9,10,13,14,15,16,17,18,19,21,24
3,25|1,2,3,25|3,4,12,25
1,2,6,26|1,3,4,5,8,10,11,12,16,21,22,26|2,3,5,6,7,8,9,11,13,14,15,16,19,26
1,2,5,27|3,4,5,9,10,11,18,27|3,4,5,6,11,13,22,27
3,28|3,4,8,12,16,20,24,28|3,5,9,11,13,28
2,29|2,11,20,29|2,5,21,29
1,2,23,30|1,3,4,6,7,9,12,13,15,18,20,21,24,30
3,31|1,2,3,31|3,8,13,31
1,2,22,32|1,5,6,9,10,11,14,16,18,19,28,32
13,33|11,13,22,33|13,17,29,33
1,2,27,34|1,2,6,11,13,19,21,22,23,26,27,34|1,2,4,6,8,9,10,11,27,28,29,30,31,32,33,34

